89
85.57
101.77
107.69
73.94
73.58
46.85
73
61.27
142.63
46.86
147.02
194.28
103.15
54.58
88.35
35.8
100.16
98.51
48.52
80.63
64.28
96.74
46.27
87.39
87.79
83.4
86.46
62.71
38.28
88.6
87.71
108.17
89.95
268.73
52.14
85.88
74.23
58.58
75.72
87.21
91.54
67.08
79.8
85.49
75.75
36.84
111.26
60.17
89.04
75.83
41.11
82.22
38.41
37.61
48.79
84.91
32.75
91.6
48.67
92.41
102
62.59
58.27
52.78
66.15
36.16
43.36
47.35
53.39
82.59
77.6
89.44
191.15
88.96
312.03
153.8
60.21
123.22
36.84
107.64
52.18
188.43
47.4
110.24
110.41
83.98
41.42
46.05
52.64
50.54
41.4
40.63
129.05
54.61
41.5
67.97
104.56
78.01
35.81
100.28
59.85
37.4
81.59
56
91.06
55.4
59.62
71.3
75.84
68.32
71.03
61.9
37.3
195.96
126.13
39.7
120.07
59.39
128.08