18.59
14.89
10.01
2.51
8.35
6.19
10.95
4.81
12.1
11.11
13.92
5.52
2.94
6.57
6.23
18.86
3.54
9.76
9.28
8.85
7.14
8.44
9.87
6.41
11.24
13.12
16.32
12.77
9.91
5.63
21.82
9.87
5.56
54.58
12.03
12.73
27.09
12.98
6.46
33.55
14.55
26.75
17.92
27.07
17.3
16.31
4.49
6.05
5.36
11.96
17.14
6.77
15.68
11.88
8.72
12.18
36.38
0.89
23.53
9.91
5.67
26.35
6.78
13.56
13.41
35.59
7.69
4.71
9.7
7.04
55.49
6.15
20.64
43.96
13.68
44.97
4.07
8.42
2.6
1.39
10.16
12.16
9.25
5.93
27.28
4.01
36.38
10.64
10.38
10.23
10.83
5.26
4.67
7.39
12.19
9.13
26.33
12.56
19.67
10.57
10.03
12.06
5.19
7.27
31.65
7.8
10.38
1.75
19.24
7.01
16.6
21.83
16.2
10.73
4.81
5.66
4.88
4.96
15.99
8.13