13.02
25.13
13.34
12.4
24.03
3.35
20.5
4.55
17.11
6.78
7.23
21.48
37.14
16.66
3.91
11.62
11.15
6.04
10.89
7.25
24.87
8.45
3.44
3.86
19.12
5.4
11.09
30.63
27.82
9.99
16.02
4.84
23.81
10.11
20.39
6.25
2.08
8.24
4.88
23.53
9.6
2.58
2.42
8.66
30.63
13.79
5.2
5.05
14.08
6.88
13.36
9.96
29.11
5.08
3.15
31.92
13.75
25.54
6.65
8.49
6.88
25.08
19.62
31.0
20.46
9.76
15.14
13.41
4.31
4.5
9.23
12.39
7.12
26.31
8.92
16.95
8.45
15.56
5.21
4.19
9.6
8.12
8.77
1.79
6.62
5.63
7.42
9.07
9.46
35.06
44.75
8.02
16.82
11.37
9.57
19.62
25.92
7.23
18.48
11.06
6.39
14.53
8.32
4.05
25.92
18.54
17.57
7.84
44.15
11.28
13.75
6.0
7.86
12.1
19.9
2.81
18.52
15.48
0.55
11.95